4.0 4.2 4.4 4.6 4.8 5.0 5.2 5.4 5.6 5.8 6.0 6.2 6.4 6.6 6.8 7.0 7.2 7.4 7.6 7.8 8.0
0.000 -0.302 -0.242 -0.182 -0.122 -0.062 -0.002 0.058 0.118 0.178 0.238 0.298 0.358 0.418 0.478 0.538 0.598 0.658 0.718 0.778 0.838 0.898
0.150 -0.423 -0.363 -0.303 -0.243 -0.183 -0.123 -0.063 -0.003 0.057 0.117 0.177 0.237 0.297 0.357 0.417 0.477 0.537 0.597 0.657 0.717 0.777
0.300 -0.544 -0.484 -0.424 -0.364 -0.304 -0.244 -0.184 -0.124 -0.064 -0.004 0.056 0.116 0.176 0.236 0.296 0.356 0.416 0.476 0.536 0.596 0.656
0.450 -0.666 -0.606 -0.546 -0.486 -0.426 -0.366 -0.306 -0.246 -0.186 -0.126 -0.066 -0.006 0.054 0.114 0.174 0.234 0.294 0.354 0.414 0.474 0.534
0.600 -0.788 -0.728 -0.668 -0.608 -0.548 -0.488 -0.428 -0.368 -0.308 -0.248 -0.188 -0.128 -0.068 -0.008 0.052 0.112 0.172 0.232 0.292 0.352 0.412
0.750 -0.911 -0.851 -0.791 -0.731 -0.671 -0.611 -0.551 -0.491 -0.431 -0.371 -0.311 -0.251 -0.191 -0.131 -0.071 -0.011 0.049 0.109 0.169 0.229 0.289
0.900 -1.036 -0.976 -0.916 -0.856 -0.796 -0.736 -0.676 -0.616 -0.556 -0.496 -0.436 -0.376 -0.316 -0.256 -0.196 -0.136 -0.076 -0.016 0.044 0.104 0.164
1.050 -1.162 -1.102 -1.042 -0.982 -0.922 -0.862 -0.802 -0.742 -0.682 -0.622 -0.562 -0.502 -0.442 -0.382 -0.322 -0.262 -0.202 -0.142 -0.082 -0.022 0.038
1.200 -1.292 -1.232 -1.172 -1.112 -1.052 -0.992 -0.932 -0.872 -0.812 -0.752 -0.692 -0.632 -0.572 -0.512 -0.452 -0.392 -0.332 -0.272 -0.212 -0.152 -0.092
1.350 -1.425 -1.365 -1.305 -1.245 -1.185 -1.125 -1.065 -1.005 -0.945 -0.885 -0.825 -0.765 -0.705 -0.645 -0.585 -0.525 -0.465 -0.405 -0.345 -0.285 -0.225
1.500 -1.563 -1.503 -1.443 -1.383 -1.323 -1.263 -1.203 -1.143 -1.083 -1.023 -0.963 -0.903 -0.843 -0.783 -0.723 -0.663 -0.603 -0.543 -0.483 -0.423 -0.363
1.650 -1.709 -1.649 -1.589 -1.529 -1.469 -1.409 -1.349 -1.289 -1.229 -1.169 -1.109 -1.049 -0.989 -0.929 -0.869 -0.809 -0.749 -0.689 -0.629 -0.569 -0.509
1.800 -1.866 -1.806 -1.746 -1.686 -1.626 -1.566 -1.506 -1.446 -1.386 -1.326 -1.266 -1.206 -1.146 -1.086 -1.026 -0.966 -0.906 -0.846 -0.786 -0.726 -0.666
1.950 -2.038 -1.978 -1.918 -1.858 -1.798 -1.738 -1.678 -1.618 -1.558 -1.498 -1.438 -1.378 -1.318 -1.258 -1.198 -1.138 -1.078 -1.018 -0.958 -0.898 -0.838
2.100 -2.232 -2.172 -2.112 -2.052 -1.992 -1.932 -1.872 -1.812 -1.752 -1.692 -1.632 -1.572 -1.512 -1.452 -1.392 -1.332 -1.272 -1.212 -1.152 -1.092 -1.032
2.250 -2.456 -2.396 -2.336 -2.276 -2.216 -2.156 -2.096 -2.036 -1.976 -1.916 -1.856 -1.796 -1.736 -1.676 -1.616 -1.556 -1.496 -1.436 -1.376 -1.316 -1.256
2.400 -2.722 -2.662 -2.602 -2.542 -2.482 -2.422 -2.362 -2.302 -2.242 -2.182 -2.122 -2.062 -2.002 -1.942 -1.882 -1.822 -1.762 -1.702 -1.642 -1.582 -1.522
2.550 -3.050 -2.990 -2.930 -2.870 -2.810 -2.750 -2.690 -2.630 -2.570 -2.510 -2.450 -2.390 -2.330 -2.270 -2.210 -2.150 -2.090 -2.030 -1.970 -1.910 -1.850
2.700 -3.462 -3.402 -3.342 -3.282 -3.222 -3.162 -3.102 -3.042 -2.982 -2.922 -2.862 -2.802 -2.742 -2.682 -2.622 -2.562 -2.502 -2.442 -2.382 -2.322 -2.262
2.850 -3.996 -3.936 -3.876 -3.816 -3.756 -3.696 -3.636 -3.576 -3.516 -3.456 -3.396 -3.336 -3.276 -3.216 -3.156 -3.096 -3.036 -2.976 -2.916 -2.856 -2.796
3.000 -4.700 -4.640 -4.580 -4.520 -4.460 -4.400 -4.340 -4.280 -4.220 -4.160 -4.100 -4.040 -3.980 -3.920 -3.860 -3.800 -3.740 -3.680 -3.620 -3.560 -3.500
